network,bodies,cpu_time,net_time,cache_miss_L1,cache_miss_L2
tcpip/ethernet,10000,0.6945,0.8700,7595595,3474067
tcpip/infiniband,10000,0.7364,0.7785,7156890,3484248
native/infiniband,10000,0.6892,0.8515,6261810,3544330
tcpip/ethernet,20000,0.8415,0.8738,16893418,8135937
tcpip/infiniband,20000,0.8697,0.7349,14354348,8170855
native/infiniband,20000,0.9103,0.6836,13305634,8256069
tcpip/ethernet,40000,0.8792,1.2192,33172459,19190938
tcpip/infiniband,40000,1.0711,0.8132,29820787,18963307
native/infiniband,40000,1.0517,0.8214,28109697,18862929
tcpip/ethernet,60000,1.3618,1.1582,48580877,30300967
tcpip/infiniband,60000,1.2554,0.9302,46432364,30760105
native/infiniband,60000,1.3950,0.8189,44482954,30494860
tcpip/ethernet,80000,1.4454,1.5387,69985589,42421891
tcpip/infiniband,80000,1.5443,0.9890,63697305,42374625
native/infiniband,80000,1.7088,0.7945,60282283,41495407
tcpip/ethernet,100000,1.8784,1.5660,81641074,54065665
tcpip/infiniband,100000,1.9650,0.9144,79381857,53945447
native/infiniband,100000,1.6617,1.1901,76932331,53697443
tcpip/ethernet,200000,3.4858,3.3444,170149838,116397522
tcpip/infiniband,200000,3.7385,1.0766,166547670,115297297
native/infiniband,200000,3.6063,1.1803,162891417,115028846
tcpip/ethernet,400000,7.0655,6.3003,370436427,253017953
tcpip/infiniband,400000,7.7336,1.4057,354377352,250913251
native/infiniband,400000,7.5650,1.5407,351025445,250909377
tcpip/ethernet,600000,10.7643,9.5031,564444214,400077080
tcpip/infiniband,600000,12.1737,1.5848,553545269,396538484
native/infiniband,600000,12.0672,1.6694,544130855,393604647
tcpip/ethernet,800000,14.6592,12.8783,774899608,548761496
tcpip/infiniband,800000,16.9080,1.7346,744707631,540538561
native/infiniband,800000,16.5116,2.0163,746632324,543563189
tcpip/ethernet,1000000,18.8513,15.4922,964169217,694103596
tcpip/infiniband,1000000,20.9766,2.2381,939698367,687949704
native/infiniband,1000000,20.7681,2.5813,943578418,692391020
tcpip/ethernet,1200000,23.2287,18.8470,1168050970,847696436
tcpip/infiniband,1200000,26.3324,2.1248,1144025888,842314479
native/infiniband,1200000,26.3762,1.8364,1140822601,843122263
tcpip/ethernet,1400000,26.7238,23.6963,1394681970,1001451289
tcpip/infiniband,1400000,30.4921,2.8527,1350691722,998405112
native/infiniband,1400000,30.8272,2.4051,1341691144,994251703