network,bodies,cpu_time,net_time,cache_miss_L1,cache_miss_L2
tcpip/ethernet,10000,0.4051,0.8403,8427049,3071109
tcpip/infiniband,10000,0.4122,0.7656,8194903,3031674
native/infiniband,10000,0.3458,0.8312,6551676,2789975
tcpip/ethernet,20000,0.5073,0.8762,15310913,7199690
tcpip/infiniband,20000,0.5922,0.7100,15501639,7107760
native/infiniband,20000,0.5492,0.7288,14005121,7157757
tcpip/ethernet,40000,0.8665,0.9424,34306812,16986559
tcpip/infiniband,40000,0.8242,0.7935,31243546,17598626
native/infiniband,40000,0.8508,0.7668,30143067,16957256
tcpip/ethernet,60000,1.0426,1.2504,51100887,27368826
tcpip/infiniband,60000,1.0392,0.9188,49720092,28111634
native/infiniband,60000,1.1236,0.8454,46971967,27271495
tcpip/ethernet,80000,1.5967,1.2416,72224806,38915286
tcpip/infiniband,80000,1.5521,0.8004,66506351,39047421
native/infiniband,80000,1.3367,0.9858,64348847,38395106
tcpip/ethernet,100000,1.7794,1.5351,86307682,49709579
tcpip/infiniband,100000,1.9827,0.7877,84150089,50545019
native/infiniband,100000,1.8832,0.8368,82057611,50051172
tcpip/ethernet,200000,3.5991,3.4624,176577393,106680798
tcpip/infiniband,200000,3.8996,0.9280,172552708,109011083
native/infiniband,200000,3.9209,0.9306,171595407,109081113
tcpip/ethern400000,7.2964,6.1719,372391665,229665302
tcpip/infiniband,400000,8.5799,1.0738,362692492,233442168
native/infiniband,400000,8.5247,1.0278,360851915,233659244
tcpip/ethernet,600000,11.7234,8.7169,579439336,363754170
tcpip/infiniband,600000,13.5407,1.0840,564436229,368798783
native/infiniband,600000,13.8350,0.8266,563550612,369707643
tcpip/ethernet,800000,16.2821,12.1360,804696928,497339006
tcpip/infiniband,800000,18.4336,1.7672,768294240,503873169
native/infiniband,800000,18.4652,1.5926,768531235,511945483
tcpip/ethernet,1000000,20.9892,15.2187,1041713940,641000104
tcpip/infiniband,1000000,23.4841,1.7864,972075964,648721492
native/infiniband,1000000,23.8730,1.6152,979715520,660903448
tcpip/ethernet,1200000,24.9775,20.2075,1207822731,778260290
tcpip/infiniband,1200000,28.3959,2.8836,1183003799,788124696
native/infiniband,1200000,29.2782,1.6274,1185648256,800518473
tcpip/ethernet,1400000,30.2916,21.0783,1428648800,929178543
tcpip/infiniband,1400000,33.8620,2.4674,1394461578,939999617
native/infiniband,1400000,34.6040,1.9370,1402044023,955579302