network,processors,bodies,cpu_time,net_time,total_time,cache_miss_L1,cache_miss_L2
tcpip/ethernet, 64,29952,0.9543,1.4070,2.3612,461069085,26694757
tcpip/infiniband, 64,29952,1.0864,0.6672,1.7536,212379524,25829054
native/infiniband, 64,29952,1.0506,2.2183,3.2689,69747686,6868329
tcpip/ethernet, 64,49984,2.1819,2.1776,4.3595,971989707,58800738
tcpip/infiniband, 64,49984,2.4259,1.0052,3.4311,698152855,57834361
native/infiniband, 64,49984,2.2053,2.8800,5.0852,465568324,18828951
tcpip/ethernet, 64,99968,7.8002,6.4351,14.2353,3435612916,97712322
tcpip/infiniband, 64,99968,9.6610,1.6046,11.2656,2741307237,97793202
native/infiniband, 64,99968,9.4781,3.3819,12.8600,2513933612,78382099
tcpip/ethernet, 64,200000,38.8776,10.0929,48.9706,12142524880,586576862
tcpip/infiniband, 64,200000,41.0768,1.7535,42.8304,10884736196,637311391
native/infiniband, 64,200000,42.0560,2.7739,44.8300,10664691377,817925612
tcpip/ethernet, 64,400000,162.4660,18.5968,181.0628,45803433870,3957130196
tcpip/infiniband, 64,400000,166.2980,3.2452,169.5432,43589254337,4087739539
native/infiniband, 64,400000,171.1184,4.9378,176.0561,43049976091,5339699360
tcpip/ethernet, 64,600000,367.9819,30.7621,398.7440,101720806434,10423430832
tcpip/infiniband, 64,600000,375.2906,5.4614,380.7520,97867798493,10685619723
native/infiniband, 64,600000,381.5981,9.1891,390.7872,97100798715,13921955400