network,processors,bodies,cpu_time,net_time,total_time,cache_miss_L1,cache_miss_L2
tcpip/ethernet, 64,29952,1.0046,1.4259,2.4305,478130257,26993492
tcpip/infiniband, 64,29952,1.2673,0.6164,1.8837,234355795,26031677
native/infiniband, 64,29952,1.0022,2.4843,3.4865,80228989,7291302
tcpip/ethernet, 64,49984,2.2159,2.5132,4.7291,1008998107,59872486
tcpip/infiniband, 64,49984,2.6758,1.0161,3.6919,720580739,57772556
native/infiniband, 64,49984,2.1656,3.2946,5.4602,484695299,19273239
tcpip/ethernet, 64,99968,9.5588,5.9336,15.4924,3423507056,100711902
tcpip/infiniband, 64,99968,10.7855,1.6121,12.3976,2786949551,98244202
native/infiniband, 64,99968,10.3457,3.4635,13.8092,2533049285,77887694
tcpip/ethernet, 64,200000,42.3696,10.8692,53.2388,12178236918,515384145
tcpip/infiniband, 64,200000,44.9809,2.3041,47.2849,10974185816,531500330
native/infiniband, 64,200000,45.7920,3.4728,49.2648,10697680170,640726087
tcpip/ethernet, 64,400000,179.0090,20.0605,199.0695,45974482755,2974562150
tcpip/infiniband, 64,400000,182.6466,4.4947,187.1414,43962079280,3057116331
native/infiniband, 64,400000,188.5719,4.6058,193.1776,43257863411,4303048190
tcpip/ethernet, 64,600000,406.8518,31.5156,438.3674,102267087075,7582631176
tcpip/infiniband, 64,600000,414.2175,6.8344,421.0520,98700059241,7733574920
native/infiniband, 64,600000,419.7762,9.4111,429.1873,97756558391,10720611266