network,processors,bodies,cpu_time,net_time,total_time,cache_miss_L1,cache_miss_L2
tcpip/ethernet, 64,29952,0.6217,0.9454,1.5671,558739122,23991992
tcpip/infiniband, 64,29952,0.5783,0.3874,0.9657,277136218,22962980
native/infiniband, 64,29952,0.5915,1.4080,1.9995,191065373,20770365
tcpip/ethernet, 64,49984,0.8532,1.5438,2.3970,973624716,37563395
tcpip/infiniband, 64,49984,0.8081,0.4421,1.2502,729987714,37999305
native/infiniband, 64,49984,0.7163,1.5243,2.2406,465373250,36325513
tcpip/ethernet, 64,99968,1.5164,2.9023,4.4187,2440222154,92016425
tcpip/infiniband, 64,99968,1.4028,1.0538,2.4567,1884571727,93758246
native/infiniband, 64,99968,1.6298,1.9037,3.5334,1618655249,54786116
tcpip/ethernet, 64,200000,5.9248,5.4235,11.3483,7860834998,873141717
tcpip/infiniband, 64,200000,6.3694,0.9158,7.2852,6718258029,1030923791
native/infiniband, 64,200000,6.3541,2.8578,9.2119,6319665943,733192950
tcpip/ethernet, 64,400000,38.4674,9.4464,47.9138,26128129345,11828713752
tcpip/infiniband, 64,400000,39.6941,1.4815,41.1756,24488446046,11777561895
native/infiniband, 64,400000,56.9604,8.8520,65.8123,23678411467,11673955665
tcpip/ethernet, 64,600000,101.8732,18.3074,120.1806,56992749897,28396778223
tcpip/infiniband, 64,600000,100.0787,6.7803,106.8590,54217928241,28808291431
native/infiniband, 64,600000,130.4862,14.1373,144.6235,53114593845,29211466852